1.716919120297661649e+01 0.000000000000000000e+00 2.535151817972084132e+01 1.738739096976252085e+02 2.469254616815305425e+01 -7.531697651154719786e+00 2.402104457924194847e+01 1.489072702630635803e+01 2.317680265944648355e+01 1.392957453951055768e+01 2.065004705530858686e+01 8.239317102585619779e+00 -4.367564756755879074e+00 4.219099081095511394e+01 5.757273509430275027e+01 -5.047023472389965626e+00 2.238846014965725217e+01 4.339187929629492402e+01 2.043753593943409896e+01 -8.944329622540493352e-01 1.043277904191602090e+01 -1.212509302352668517e+00 2.754222966368614411e+00 3.890543161285060592e+01 8.623464663225787419e+00 1.188018788507584311e+01 2.210025490645425350e+01 1.108275820270538681e+01 5.636002153864337672e+00 1.171983498176309269e+01 2.820125499713152450e+01 1.412445237419271393e+01 9.702299143983585950e+00 3.200589320876515931e+00 4.542267171725035269e+01 3.629031841815343995e+01 5.120738489070686228e+01 3.488859040393907485e+00 1.117998710835912490e+01 7.577766051771389400e+00 1.160302645572101277e+01 2.675759094321421827e+01 2.830891633329273915e+01 1.583738028756591643e+00 1.138818886488174442e+01 1.843533240036018261e+00 1.104918506490420249e+01 3.609048754019666205e+01 1.803896231571544462e+01 -1.389648800482979318e+01 7.942341473929726448e+00 3.584948951752361523e+01 1.690026836124160425e+01 -7.230199609900077817e+00 2.787250987473973041e+01 2.414199083774088095e+01 3.224879433805125650e+00 7.698796866015473306e+00 2.671232296328625466e+01 8.826384764850203624e+00 1.137919574892493380e+01 2.969127352904040862e+01 2.833692906470080430e+01 3.418953277168624538e+01 5.421146084693145184e+01 4.580763099596266130e+01 1.378047051313639670e+01 3.108135898146684006e+00 -3.019639455669656414e+00 3.794257153843813768e+01 2.269624798955998557e+01 3.598935705584552380e+01 6.369660730488758027e+00 7.888545622918974232e+01 1.314686542553123161e+01 1.222335604157947273e+02 3.391749443852553725e+01 2.685628685177405828e+01 7.469515145191215311e+01 -1.795006569300372057e+00 3.603274734170548044e+01 5.570334347038510714e+01 2.680390555300009936e+01 1.080896638519634578e+01 -5.251825983416209098e+00 2.117818649923719576e+01 9.191500373540288038e+00 6.490425360914485076e+00 4.876611352301959101e+01 1.519488888867074117e+01 2.698582030424701728e+01 3.109460846634451436e-01 -7.021080432249427794e+00 2.613160970394039850e+01 2.577940487920483648e+01 4.510227116997044305e+01 2.617795675052740023e+01 2.444219826095735471e+01 2.044143517969938273e+01
0.000000000000000000e+00 0.000000000000000000e+00 0.000000000000000000e+00 0.000000000000000000e+00 0.000000000000000000e+00 0.000000000000000000e+00 0.000000000000000000e+00 0.000000000000000000e+00 0.000000000000000000e+00 0.000000000000000000e+00 0.000000000000000000e+00 0.000000000000000000e+00 0.000000000000000000e+00 0.000000000000000000e+00 0.000000000000000000e+00 0.000000000000000000e+00 0.000000000000000000e+00 0.000000000000000000e+00 0.000000000000000000e+00 0.000000000000000000e+00 0.000000000000000000e+00 0.000000000000000000e+00 0.000000000000000000e+00 0.000000000000000000e+00 0.000000000000000000e+00 0.000000000000000000e+00 0.000000000000000000e+00 0.000000000000000000e+00 0.000000000000000000e+00 0.000000000000000000e+00 0.000000000000000000e+00 0.000000000000000000e+00 0.000000000000000000e+00 0.000000000000000000e+00 0.000000000000000000e+00 0.000000000000000000e+00 0.000000000000000000e+00 0.000000000000000000e+00 0.000000000000000000e+00 0.000000000000000000e+00 0.000000000000000000e+00 0.000000000000000000e+00 0.000000000000000000e+00 0.000000000000000000e+00 0.000000000000000000e+00 0.000000000000000000e+00 0.000000000000000000e+00 0.000000000000000000e+00 0.000000000000000000e+00 0.000000000000000000e+00 0.000000000000000000e+00 0.000000000000000000e+00 0.000000000000000000e+00 0.000000000000000000e+00 0.000000000000000000e+00 0.000000000000000000e+00 0.000000000000000000e+00 0.000000000000000000e+00 0.000000000000000000e+00 0.000000000000000000e+00 0.000000000000000000e+00 0.000000000000000000e+00 0.000000000000000000e+00 0.000000000000000000e+00 0.000000000000000000e+00 0.000000000000000000e+00 0.000000000000000000e+00 0.000000000000000000e+00 0.000000000000000000e+00 0.000000000000000000e+00 0.000000000000000000e+00 0.000000000000000000e+00 0.000000000000000000e+00 0.000000000000000000e+00 0.000000000000000000e+00 0.000000000000000000e+00 0.000000000000000000e+00 0.000000000000000000e+00 0.000000000000000000e+00 0.000000000000000000e+00 0.000000000000000000e+00 0.000000000000000000e+00 0.000000000000000000e+00 0.000000000000000000e+00 0.000000000000000000e+00 0.000000000000000000e+00 0.000000000000000000e+00 0.000000000000000000e+00 0.000000000000000000e+00 0.000000000000000000e+00 0.000000000000000000e+00 0.000000000000000000e+00 0.000000000000000000e+00 0.000000000000000000e+00 0.000000000000000000e+00 0.000000000000000000e+00 0.000000000000000000e+00 0.000000000000000000e+00 0.000000000000000000e+00
2.535151817972084132e+01 0.000000000000000000e+00 5.160222584195750528e+01 2.515397413494709440e+02 4.419805982021595270e+01 -1.441865409075641935e+01 3.733555947198198766e+01 2.793642352773726145e+01 2.833232699867954452e+01 2.142874555305136752e+01 3.280200569977546365e+01 2.091966814568863953e+01 4.086567945705514848e-01 7.558376701664312236e+01 9.498630878376073383e+01 -6.818862256841423886e+00 3.372001266691560062e+01 7.561224759843344145e+01 2.990926375233451040e+01 3.010526854723141188e+00 1.577498698129096155e+01 -1.747469270382372875e+00 4.803335748248285242e+00 5.186618692961102539e+01 1.239881308032028251e+01 1.999732386426937580e+01 3.316651076459798020e+01 1.870872506276809233e+01 8.608503335330549788e+00 1.874249690690448844e+01 4.757560966625328547e+01 2.697460213796339801e+01 1.857354609889323882e+01 5.479764878214155921e+00 6.142739744827841974e+01 5.099233462016032092e+01 6.967620988232521029e+01 1.402776749928312938e+01 1.287223014831189438e+01 1.448658341327650056e+01 1.931498225211624487e+01 4.194668214002182083e+01 5.148107820178766048e+01 -1.186094160402725084e+00 2.112204934430537051e+01 2.981071110905575416e-01 1.772778020434896362e+01 6.845638846647887021e+01 3.223550058230304671e+01 -2.226666255527462468e+01 1.292271436697973108e+01 5.299030299853863113e+01 2.660164784619044553e+01 -1.683663755076034718e+01 4.440804459338524168e+01 3.976954545468181834e+01 -1.848476588933824871e+01 1.135481357304493422e+01 3.918991603203110685e+01 1.368048471269704081e+01 1.752000653160999022e+01 4.590757235273481029e+01 3.762514079635364794e+01 5.349554899427539567e+01 6.063616416953053800e+01 5.233430182136833508e+01 2.464365750546068767e+01 4.936872593217831451e+00 3.293038491445038574e+01 5.014835310578019545e+01 2.513155836835112922e+01 5.965978893608628653e+01 1.181107819126939518e+01 1.339273207463621418e+02 3.529715177662887982e+01 1.947666671844973223e+02 6.792932072510450325e+01 3.453895678099394217e+01 1.380073021740018646e+02 8.278891780719249027e+00 5.944206086085398510e+01 7.449044557672283418e+01 3.937974064592705048e+01 2.217910083976069302e+01 -3.198814553050204879e+01 2.289462775525967686e+01 1.367664457908528597e+01 1.312110699961212923e+01 8.529974855702880632e+01 2.014420399300442099e+01 4.372363229108974281e+01 5.956116652669074529e-01 -7.763316861544459435e+00 4.831959886948119731e+01 4.146367900062207923e+01 6.075437097319465352e+01 4.812425961976645539e+01 5.023901030464117667e+01 3.260244973824023873e+01
1.738739096976252085e+02 0.000000000000000000e+00 2.515397413494709440e+02 1.836976651317284677e+03 2.559777360405620641e+02 -6.955747887076671532e+01 2.438097886780128078e+02 1.488555581551916021e+02 2.516305383305982275e+02 1.455057289285464606e+02 2.127284319997773707e+02 9.115719615158351985e+01 -4.232331452849141584e+01 4.169445730971511921e+02 6.041192998775578644e+02 -5.369560744791365181e+01 2.328314053580510858e+02 4.146081829085924255e+02 2.126670639171136656e+02 -6.664140500918925625e+00 1.109526846022991862e+02 -1.275530330582517990e+01 2.840687763559502343e+01 4.203364175538688983e+02 9.234145941089082044e+01 1.251077011446213305e+02 2.312465165469625390e+02 1.113651363280465887e+02 5.700944852918194528e+01 1.165151323159525134e+02 2.960752395950998448e+02 1.531385902361778335e+02 9.846794491397717763e+01 3.263862634911969707e+01 4.758716413618011529e+02 3.694463343987520716e+02 5.228263206443640456e+02 2.654012056725725088e+01 1.212509197427422976e+02 7.211652982999424921e+01 1.218937667684322577e+02 2.832216196853074734e+02 2.975357797006049623e+02 1.226754069286259963e+01 1.207711797886036180e+02 1.687203627580988297e+01 1.174452210377543082e+02 3.908949209207076478e+02 1.966271559965554729e+02 -1.295479011930813158e+02 8.356913398458941344e+01 3.755307812591003085e+02 1.843216817988369485e+02 -6.966361938073498550e+01 2.860271991867597876e+02 2.480094955564466090e+02 9.193219893786560704e+01 7.709937064658633687e+01 2.729298292847751100e+02 9.756748410856940268e+01 1.235640481356030023e+02 3.187273101374412931e+02 2.920534662617141066e+02 3.479058201266962556e+02 5.672696864678038082e+02 4.831722646943586597e+02 1.350738407225920241e+02 3.176529610158473815e+01 -5.442567375818498476e+01 4.076391874407668183e+02 2.415794562047813372e+02 3.769988138663272252e+02 6.403544356618827749e+01 8.291501166139566976e+02 1.252088197814176738e+02 1.279073785303819932e+03 3.355457651613842245e+02 2.844883614857743055e+02 7.880362774943951081e+02 -1.260184644045613567e+01 3.675493375448176039e+02 5.891547001114096247e+02 2.786529240076359883e+02 1.135133016621452100e+02 -1.392629494981163774e+01 2.277300440566293389e+02 9.728848479289607099e+01 6.271454351189324683e+01 4.968544043966303434e+02 1.607535307521343668e+02 2.730048039145828511e+02 4.263978614713607174e-01 -8.636748185678798961e+01 2.678857865174844051e+02 2.665594265830843597e+02 4.808327894554364548e+02 2.613818176132750182e+02 2.554674485722277950e+02 2.145677574378109398e+02
2.469254616815305425e+01 0.000000000000000000e+00 4.419805982021595270e+01 2.559777360405620641e+02 4.256100880613111315e+01 -1.356037629228015362e+01 3.478422027848665721e+01 2.458721904164521987e+01 3.236839600533750883e+01 2.111780318592028394e+01 3.129637954214362239e+01 1.814760743235728668e+01 -2.231973001600825235e+00 6.196645676384732582e+01 9.287504108120633362e+01 -6.049237126968109557e+00 3.278324342662223501e+01 6.500913297860182638e+01 2.915110141848746395e+01 1.176078677989498500e+00 1.614069262870949828e+01 -1.415565686153172686e+00 4.535668585811756692e+00 5.473833474872663629e+01 1.276426422995531063e+01 1.979770550252705874e+01 3.304797469056622106e+01 1.751044479348724181e+01 9.556023945262653640e+00 1.716654297793868267e+01 4.507718970785897739e+01 2.464933454638505950e+01 1.616960878681920022e+01 4.532456970174886912e+00 6.398278480488657749e+01 4.991886322542590904e+01 6.925231626163525789e+01 8.332643681840512073e+00 1.477366261016258342e+01 9.549386940691173109e+00 1.708613043212410432e+01 4.000215512000691831e+01 4.926956479969209823e+01 -1.188061835681682332e+00 1.989089546017062560e+01 6.191057462275026957e-01 1.745060087701457618e+01 6.190041603218963218e+01 3.183499804111011500e+01 -2.271695326745745902e+01 1.269499083654712379e+01 5.352204135877001789e+01 2.550644482132259228e+01 -1.264232508132000632e+01 3.973647734235587592e+01 3.730662090484860016e+01 -3.250794673254475242e+00 1.081031314062733806e+01 3.825534811693618309e+01 1.421961973336592244e+01 1.756160939218617045e+01 4.701684096881461983e+01 3.892295336275220308e+01 5.321061893406290721e+01 6.952959320436004020e+01 6.031319031947836606e+01 2.235478975736343443e+01 4.826224249760708851e+00 1.364335142562669922e+01 5.452073981434087102e+01 3.098220342995782062e+01 5.908512157177037238e+01 1.059704349164552717e+01 1.284090943739043951e+02 2.891494499937030582e+01 1.902709750978749810e+02 5.506944406485758492e+01 3.716147064096331576e+01 1.291272044871829792e+02 5.258998718438487430e+00 5.698999388682650391e+01 7.732115092975523396e+01 3.865835710100031264e+01 1.883272734011372407e+01 -1.343167099463855330e+01 2.664734153841395781e+01 1.303695328955858024e+01 1.094106932346921468e+01 7.502358272723850519e+01 2.183226400295919944e+01 4.128454956015042399e+01 8.643809842366618756e-01 -7.220431517780623309e+00 4.403425133169043448e+01 3.966844357525690867e+01 6.415095066954056335e+01 4.289836160650229857e+01 4.443147880880551526e+01 3.150102687323352413e+01
-7.531697651154719786e+00 0.000000000000000000e+00 -1.441865409075641935e+01 -6.955747887076671532e+01 -1.356037629228015362e+01 7.712020811220789085e+00 -1.114722984165995356e+01 -7.362537386907184178e+00 -8.096143384028589907e+00 -6.014556558034679590e+00 -9.730179241377227228e+00 -4.417632007985458742e+00 7.879768903634252197e-01 -2.207684840791154457e+01 -2.656788296841519070e+01 2.531402536074585541e+00 -9.133773181972934196e+00 -2.298838585441350801e+01 -8.220894995594013821e+00 8.093067992631443330e-02 -3.874559878253836853e+00 6.219594600550834018e-01 -1.258839620429125228e+00 -1.315879040895906549e+01 -3.133506975919386761e+00 -5.674296626884805406e+00 -9.563761494907089045e+00 -4.968159788398573085e+00 -3.492787606102016440e+00 -5.730362813890510942e+00 -1.196517362748942581e+01 -5.110820284253337675e+00 -5.486621867639272843e+00 -1.151795469932305416e+00 -1.951100890899408213e+01 -1.335476893540755405e+01 -1.984732965304137764e+01 -3.639667979876142212e+00 -2.872250027484276824e+00 -4.480516515186153681e-01 -3.831011594575138179e+00 -1.017646115911711746e+01 -1.534203552970212847e+01 1.049522965349674708e+00 -5.616162003140940939e+00 8.839607343253709504e-02 -4.500208738651675588e+00 -1.080864746512813923e+01 -8.795817073332699465e+00 1.145468808367598257e+01 -3.948272294785262204e+00 -1.698530280393045544e+01 -3.948536059597273606e+00 2.373926925564691093e+00 -1.025477219719616251e+01 -1.166029171414317744e+01 1.363771273774743520e+01 -3.723281185293431772e+00 -1.187439645283682133e+01 -4.565644154142020739e+00 -3.530755560631317014e+00 -1.246335458309965460e+01 -1.219302779401318304e+01 -1.778214986552282895e+01 -2.079134827295817800e+01 -1.766976333987672731e+01 -7.773664724336411425e+00 -1.514106172190855082e+00 -7.663402202483980297e+00 -1.422772617498899628e+01 -9.439316700756771539e+00 -1.963870579222002277e+01 -3.472174444148353079e+00 -3.606133554984509715e+01 -1.240031842995036016e+01 -5.532182586933947022e+01 -1.608217967537105153e+01 -1.052633888304027998e+01 -3.251869917785376884e+01 -9.588301781836863213e-01 -1.962976060395603639e+01 -2.319123567862749624e+01 -1.117750012797644033e+01 -4.410648579045203022e+00 4.840554489399212734e+00 -5.654291125330239254e+00 -2.302962654879014526e+00 -4.081173985109141533e+00 -1.997420548841959942e+01 -6.894179800931216739e+00 -1.291516202331773755e+01 -1.190429166719388032e+00 2.237448104529658810e+00 -1.418362063038832410e+01 -1.171396160459154778e+01 -1.539970414657249265e+01 -1.473950036749253023e+01 -1.050082993737308534e+01 -8.400628258356563904e+00
2.402104457924194847e+01 0.000000000000000000e+00 3.733555947198198766e+01 2.438097886780128078e+02 3.478422027848665721e+01 -1.114722984165995356e+01 3.769432970429078011e+01 2.183621829040321316e+01 3.172826431526834767e+01 1.989070926174859366e+01 2.988927007807742697e+01 1.037960418715647393e+01 -5.123122448840116583e+00 6.654285896432062941e+01 7.907768726652847135e+01 -1.133354374862398473e+01 3.341444902631841529e+01 6.264977418602533277e+01 2.994189602786614302e+01 -7.079208495537849810e-01 1.485158682385394613e+01 -2.155658177969639766e+00 3.953558380656498006e+00 5.809713477105312762e+01 1.281682413782064422e+01 1.698182105059562730e+01 2.983006102134424964e+01 1.600814101985939075e+01 7.294069684803607068e+00 1.791896338140911027e+01 4.049633879000993630e+01 1.990322922180284948e+01 1.486252598795293345e+01 5.257086639408803386e+00 6.607293261407900786e+01 5.399388226781110234e+01 7.576063521527328248e+01 6.579766107348077320e+00 1.536411173587212708e+01 1.673311122687868746e+01 1.816615304550905208e+01 4.059185842463609362e+01 3.998928367012519658e+01 3.206702142704496605e+00 1.603617000920114677e+01 3.482802601017087163e+00 1.561844462119350929e+01 5.052193245039235592e+01 2.448916886034164619e+01 -1.957333315107059946e+01 1.151986899094379346e+01 5.191161379424258371e+01 2.546530908745907951e+01 -8.479598231317263313e+00 4.439631818791495022e+01 3.377376096655952153e+01 1.618456374288030686e+00 1.065280557347577606e+01 3.863740983752853708e+01 1.359588646090642072e+01 1.592678174802840196e+01 4.201937244427325169e+01 4.088440695370898936e+01 4.916554545932938680e+01 7.372026205949327959e+01 6.233813969550579515e+01 1.828580449078696901e+01 4.305409745261011167e+00 -8.435195868595844360e+00 5.210162682742107165e+01 3.064563730584472978e+01 5.175479188923622331e+01 8.966247407555178128e+00 1.090800281839256485e+02 1.623155930278185366e+01 1.727759653794863368e+02 4.718738950760253203e+01 3.949511183539375736e+01 1.030271584473060784e+02 -1.216415988817779903e+00 5.040493845735295508e+01 7.945352172538242996e+01 3.880168418980043299e+01 1.593198984106443028e+01 -6.297953808764873429e+00 3.030491322874603100e+01 1.361604593674807973e+01 9.942838462041647674e+00 6.870916442706912619e+01 2.255511422456860160e+01 3.844873532084108803e+01 1.250042388270345306e+00 -2.330242096191788903e+01 3.657348517669661447e+01 3.656485288350470597e+01 6.424367056079057647e+01 3.894048759282451044e+01 3.194555562384883984e+01 2.851742768394612426e+01
1.489072702630635803e+01 0.000000000000000000e+00 2.793642352773726145e+01 1.488555581551916021e+02 2.458721904164521987e+01 -7.362537386907184178e+00 2.183621829040321316e+01 1.578728858755408382e+01 1.817869352450444254e+01 1.286338523742711892e+01 1.918391409912549150e+01 1.121523521669174173e+01 -1.209733457364757792e+00 4.208678563232155057e+01 5.482928119548469681e+01 -3.177476301571048989e+00 1.992573165553744730e+01 4.194505682563934812e+01 1.808469698194832631e+01 1.117072505268579041e+00 9.863181650119544841e+00 -7.153027402425017334e-01 2.846323040894782164e+00 3.317384610697538250e+01 7.699932223518354490e+00 1.175146967586746349e+01 1.944636945550073293e+01 1.105729642186511619e+01 5.759330184577631684e+00 1.078599087176977100e+01 2.769958696660772546e+01 1.552959118650801429e+01 1.023875878673808693e+01 3.354430608891460608e+00 3.726227061768030069e+01 3.156325273787331298e+01 4.290611437694064989e+01 6.636819862033047634e+00 8.736667248635434646e+00 9.573749635496369592e+00 1.143926394495390575e+01 2.517404500316846949e+01 2.831964208330743205e+01 7.997033420987409436e-01 1.169485183988396670e+01 1.263575095062100528e+00 1.037635881794406956e+01 3.880820064601718400e+01 1.835704326215310545e+01 -1.113226289707702144e+01 7.521329690984578598e+00 3.158761121976966635e+01 1.593060462745697770e+01 -7.975698229020031782e+00 2.721878205876338086e+01 2.216669039758315662e+01 -3.855397621413876763e+00 6.492818747756236242e+00 2.316531393278230411e+01 7.929582810124364833e+00 1.072172906096055911e+01 2.746215990871450430e+01 2.312148655216836346e+01 3.194231695845181207e+01 3.843208206905220692e+01 3.324174917945320118e+01 1.344905957305043387e+01 2.827571824374338849e+00 1.030725791772247746e+01 3.115638500434405600e+01 1.712891175932269761e+01 3.408894636096690078e+01 6.479687794710315529e+00 7.591602349561665619e+01 1.581610204739259729e+01 1.128330356389049456e+02 3.504385025766769957e+01 2.205338793008800735e+01 7.620603904692362107e+01 4.142918519565741420e+00 3.320134991954736137e+01 4.407673574462216237e+01 2.337779678936281158e+01 1.228351126421835104e+01 -1.157906331027343505e+01 1.555731518459251284e+01 8.457977770062324652e+00 7.117911296948734368e+00 4.848676116521449586e+01 1.256411525198526391e+01 2.515572324776146118e+01 8.530757471928165359e-01 -3.221946761057349562e+00 2.644877394263550840e+01 2.401268750214308056e+01 3.799467469687227350e+01 2.682503273483423101e+01 2.812303149159159332e+01 1.870488466134496974e+01
2.317680265944648355e+01 0.000000000000000000e+00 2.833232699867954452e+01 2.516305383305982275e+02 3.236839600533750883e+01 -8.096143384028589907e+00 3.172826431526834767e+01 1.817869352450444254e+01 3.819099054930639170e+01 2.024585663532785418e+01 2.867190018408928509e+01 1.139016541528486037e+01 -8.482271148974689368e+00 5.223474151529241283e+01 8.122648125851122813e+01 -4.556756932725137155e+00 3.094035387807310045e+01 4.856635656491165776e+01 2.961200010868295962e+01 -2.081990321737767324e+00 1.622378691012984220e+01 -1.008907428862739986e+00 3.854696127247702719e+00 6.258609514934727258e+01 1.323435200833504410e+01 1.710641532256495623e+01 3.179453352841756342e+01 1.475741250832171758e+01 9.644135931916384408e+00 1.475310268262095370e+01 3.950172967060505869e+01 2.037545044492618729e+01 1.220378724819514460e+01 4.559224044368562545e+00 6.698366334502996722e+01 5.087361822996581395e+01 7.221054504977175270e+01 -5.202127446539855926e-01 1.863475861959866720e+01 8.505310836032268895e+00 1.588587529149062405e+01 3.881237284862658043e+01 3.730144630002759953e+01 3.545078957110158413e+00 1.517051717919613552e+01 3.873590537811334666e+00 1.583022494410220915e+01 4.843104991197242981e+01 2.699972703363744486e+01 -1.324836681530046079e+01 1.142083090208569196e+01 5.293861446895690648e+01 2.423834854168805464e+01 -4.286538904103106340e+00 3.909542033772802938e+01 3.136889389586894339e+01 2.657182441932196326e+01 1.013415634326596582e+01 3.683590252670967402e+01 1.397935790365006881e+01 1.762881378556413026e+01 4.504401318538543819e+01 4.149479826603673160e+01 4.882221197105334198e+01 8.400213833783119810e+01 7.200779991071614461e+01 1.612794828549748161e+01 4.155982324588216592e+00 -2.527832600094888349e+01 5.982833774576850772e+01 3.871395329363528504e+01 5.087368842633937760e+01 7.734594469958840257e+00 1.076591267387674264e+02 8.012086475143236797e+00 1.711854812547329061e+02 3.330287193477277441e+01 4.234631570649073495e+01 9.540478753921648547e+01 -2.494028439503154448e+00 4.718929817620750811e+01 8.176623084900715810e+01 3.797278368781722691e+01 1.359958762875931093e+01 1.674069176278861093e+01 3.494738879462209979e+01 1.327892337430161618e+01 7.163421318614815902e+00 6.262965415915073919e+01 2.355089808358685843e+01 3.526124739123897456e+01 1.066122283070597421e+00 -5.735017837101295868e+00 3.321110070247114976e+01 3.547023988378295201e+01 6.925373552530810173e+01 3.234825350949292755e+01 3.160055092524612519e+01 2.792790244231388996e+01
1.392957453951055768e+01 0.000000000000000000e+00 2.142874555305136752e+01 1.455057289285464606e+02 2.111780318592028394e+01 -6.014556558034679590e+00 1.989070926174859366e+01 1.286338523742711892e+01 2.024585663532785418e+01 1.262777546994675859e+01 1.818998362839712613e+01 8.266257021010970263e+00 -3.761495053430593316e+00 3.290481076363172974e+01 5.020490436712844939e+01 -2.715086840131986534e+00 1.870267540328711675e+01 3.325186333021614615e+01 1.794734896795274892e+01 -2.653582435651649640e-01 9.700903943917653649e+00 -6.727071352058012765e-01 2.597990853390804933e+00 3.502925303082707131e+01 7.792316289910021787e+00 1.080714566116513531e+01 1.869145443305264109e+01 9.634883209964723250e+00 6.187117033267737654e+00 9.323542809421336841e+00 2.483522184190090698e+01 1.305985582038061033e+01 8.281088973674993525e+00 3.024344297271725601e+00 3.885038293720234748e+01 3.046787876379501014e+01 4.266215895897587274e+01 2.988438549944299805e+00 9.988461425521830250e+00 6.930519223533305961e+00 1.008712785383974797e+01 2.390885351586495133e+01 2.423455713215738427e+01 2.023825034003574164e+00 9.839584616514272852e+00 2.300054898397420722e+00 9.797436799019296316e+00 3.099569875896523996e+01 1.657566000931786121e+01 -9.356846959061783764e+00 7.133672408944079280e+00 3.154246309806069704e+01 1.397662642344787010e+01 -3.992212134904174814e+00 2.552378055321835504e+01 1.928434042818675920e+01 9.207887903782356886e+00 5.985367872383676513e+00 2.198018473473885948e+01 7.781659051180256803e+00 1.030256412556300916e+01 2.641639243706665852e+01 2.401022625738422889e+01 3.024639721000190207e+01 4.259270991879413515e+01 3.705301875717024274e+01 1.120222973014579004e+01 2.582632285239516712e+00 -5.211117776060634199e+00 3.292621422984650081e+01 2.134300455803884944e+01 3.154591963170470947e+01 5.257914082149998336e+00 6.846468229264328897e+01 8.322866908707151623e+00 1.048760333639394702e+02 2.425005895636173747e+01 2.385019338890225526e+01 6.179256245551297866e+01 1.501167677993646921e+00 2.970495977211800209e+01 4.527445308536272961e+01 2.269416937802403211e+01 9.538110690254004709e+00 4.023561422986260183e+00 1.777517968447173402e+01 7.837171091399176781e+00 5.348528338504788593e+00 4.071290261256854848e+01 1.362513292980615809e+01 2.258067923968043900e+01 1.439668340605420704e+00 -3.068107364637767454e+00 2.172444976403808425e+01 2.188892554658693612e+01 3.932389496058004852e+01 2.168832784773239553e+01 2.297822625853263645e+01 1.735735591468250760e+01
2.065004705530858686e+01 0.000000000000000000e+00 3.280200569977546365e+01 2.127284319997773707e+02 3.129637954214362239e+01 -9.730179241377227228e+00 2.988927007807742697e+01 1.918391409912549150e+01 2.867190018408928509e+01 1.818998362839712613e+01 2.681314290498455222e+01 1.239427906638298715e+01 -4.745888073335255086e+00 5.331195165102457878e+01 7.338096175834735391e+01 -5.179631138425081716e+00 2.749151122276698800e+01 5.139901876581367191e+01 2.629042262751175940e+01 -1.170396282178712832e-01 1.367234992625428447e+01 -1.355249117719067975e+00 3.743666802252711534e+00 4.992826545337982225e+01 1.113255170549415318e+01 1.551660666681938849e+01 2.726419270585316568e+01 1.417164719382026661e+01 8.130529820962445697e+00 1.415412888719000328e+01 3.640389200022583083e+01 1.925450309813638583e+01 1.292569769565642446e+01 4.567435042699556469e+00 5.662635905151153537e+01 4.420065426770135275e+01 6.211499139410289416e+01 5.505518823803114969e+00 1.363257259168777047e+01 9.980588257510913053e+00 1.482902085167049222e+01 3.486815794732252982e+01 3.615891747754684360e+01 2.085702000628491870e+00 1.460928530159181449e+01 2.731603326426780054e+00 1.425682093768048375e+01 4.517362984897771838e+01 2.411460875193573727e+01 -1.481680526880564663e+01 1.043259846615505815e+01 4.623422105376250357e+01 2.010731306182708877e+01 -7.131573574679329397e+00 3.735811811694587448e+01 2.924870079732245998e+01 6.383352477092169686e+00 9.122512837644890737e+00 3.253347692406506297e+01 1.169250817519646191e+01 1.470069682018727875e+01 3.802137968788078126e+01 3.497944867675779790e+01 4.418624660784188762e+01 6.199321753908118637e+01 5.348876431475623860e+01 1.705875818058000348e+01 3.830379821463727907e+00 -2.929027265620444798e+00 4.690674234669934606e+01 2.940416121657314719e+01 4.658367808824552014e+01 7.989803067122623226e+00 1.009638468991196305e+02 1.492744484620634893e+01 1.541144057170944848e+02 3.894924255633248578e+01 3.405323088809388565e+01 9.135346957347000796e+01 1.745691419465454253e+00 4.470641463798926907e+01 6.736154671538722027e+01 3.342241858338945804e+01 1.450252625734266942e+01 -8.608565378179132699e-01 2.522312590848149583e+01 1.122001063654101749e+01 8.370911080267665838e+00 6.133755566824130057e+01 1.950148176644398390e+01 3.345634553469503913e+01 1.601584780117572215e+00 -6.688700315013846875e+00 3.322529775310209743e+01 3.240096603823685939e+01 5.609603432054029781e+01 3.303241737988464877e+01 3.340238162972035951e+01 2.562979593481539808e+01
8.239317102585619779e+00 0.000000000000000000e+00 2.091966814568863953e+01 9.115719615158351985e+01 1.814760743235728668e+01 -4.417632007985458742e+00 1.037960418715647393e+01 1.121523521669174173e+01 1.139016541528486037e+01 8.266257021010970263e+00 1.239427906638298715e+01 1.579090430096067266e+01 2.885989689602837860e+00 3.367804196583937681e+01 4.206684244831367181e+01 3.374596839688203342e+00 1.032322895112268846e+01 2.331254876619699345e+01 1.086041940232048120e+01 3.560131404161021695e+00 7.197191222494410567e+00 2.428117260645643594e-01 2.173148943425069923e+00 1.992888503441551507e+01 4.682701775011257617e+00 8.598998688440708804e+00 1.324221645710662187e+01 7.819192589001087157e+00 4.175699270015477360e+00 5.342334785031540356e+00 2.110009676575312909e+01 1.627087477293255802e+01 8.671110297654028187e+00 2.724013251595328367e+00 1.795115892753516107e+01 1.407068928497498028e+01 1.727250950498246596e+01 5.736767127075070860e+00 4.054570561931729600e+00 2.423976758250872443e+00 7.126726063640092868e+00 1.630217798651649019e+01 2.211823797469446973e+01 -2.898611478170368905e+00 9.743339845637963847e+00 -1.386950280599809071e+00 7.532077454197816380e+00 3.448612862150972802e+01 1.776292695569276248e+01 -2.954057984970358541e-01 5.297798784884187207e+00 2.018949210199917488e+01 1.009324590582151693e+01 -7.096903660409721759e+00 1.594531430000627381e+01 1.515997168371225889e+01 -5.741252217153873794e+00 3.722630738419216101e+00 1.226372409871539482e+01 6.599642819997376897e+00 8.753213019588416799e+00 2.057583207892689714e+01 1.066298489407511596e+01 2.128454236976999780e+01 1.644963148290099397e+01 1.554102837969048778e+01 9.521902817965910870e+00 1.814113792747001241e+00 2.317534746358001385e+01 1.948624880116145519e+01 8.133052665660985170e+00 2.468046768604009600e+01 4.852815607613965021e+00 5.789598960081769263e+01 1.524688285557597389e+01 7.713506007371358919e+01 2.515135833132536547e+01 1.119105475598185073e+01 5.981200973025480749e+01 1.010416718287563675e+01 2.198351467657203528e+01 2.380113632791285383e+01 1.347098533561710099e+01 1.169962622094613103e+01 -1.428985371033664009e+01 7.180532380059796438e+00 4.970264650901271786e+00 5.186183693294858621e+00 3.756451692405055098e+01 5.899844910478958759e+00 1.501762335059319042e+01 -4.318354265412942539e-01 1.311017037493814996e+01 2.228919788108499489e+01 1.657317253356965381e+01 2.171937142015326216e+01 1.905332708019040311e+01 2.746913382565244177e+01 1.271158424675772913e+01
-4.367564756755879074e+00 0.000000000000000000e+00 4.086567945705514848e-01 -4.232331452849141584e+01 -2.231973001600825235e+00 7.879768903634252197e-01 -5.123122448840116583e+00 -1.209733457364757792e+00 -8.482271148974689368e+00 -3.761495053430593316e+00 -4.745888073335255086e+00 2.885989689602837860e+00 5.683891135619496993e+00 -5.271210821957119652e-01 -9.458091006502650444e+00 1.594479277264177208e-01 -5.076706682279462868e+00 -5.466062303542784662e+00 -5.745995053249329132e+00 2.750510022984169023e+00 -2.818644233549163935e+00 1.736677448155367343e-02 -5.264266234725076821e-01 -1.256338269908953009e+01 -2.451318688343001373e+00 -2.104356357334236538e+00 -5.197626265651494215e+00 -1.963975637182623135e+00 -2.881996959129314639e+00 -2.138831710258770613e+00 -3.967518531690997996e+00 2.580823854401316231e-01 -1.430184421316347187e-03 -5.290248749052766097e-01 -1.490964124173221705e+01 -1.128593548996515494e+01 -1.703380105908647835e+01 3.117703049576567853e+00 -4.951909240608019402e+00 -7.924552758696155053e-01 -1.611529561309413383e+00 -5.612351109424054130e+00 -1.560051035444766754e+00 -3.609781188493385251e+00 -2.800400741034472785e-01 -2.823356358294381252e+00 -2.068615028050134974e+00 1.480769643983657957e+00 -1.253331505835782789e+00 3.061742167277143878e+00 -1.569163384588630583e+00 -9.624086553214580064e+00 -1.848748291368887742e+00 -2.954452138959189345e+00 -6.825327033018510292e+00 -3.001625242347142564e+00 -1.418051313566023275e+01 -1.794968622867688879e+00 -6.885921222882485537e+00 -1.163443374177071998e+00 -2.264031063770913565e+00 -6.088111468880949673e+00 -9.999825312538046518e+00 -8.714740660951788342e+00 -2.141359935193254671e+01 -1.804027928232627076e+01 -1.694949445147545086e+00 -6.212340224154396795e-01 2.176986077651605100e+01 -1.222848050525891495e+01 -1.219703202206182979e+01 -5.944541111425122537e+00 -3.520287860945059411e-01 -1.057079076657407768e+01 6.618672532082682913e+00 -2.305716581372587370e+01 3.594106330444090780e+00 -1.004662420130531153e+01 -6.959516156510890950e-01 5.015776523121268760e+00 -5.814788487099928460e+00 -1.557124882383482678e+01 -6.852616936208022480e+00 9.904830542351810152e-01 -1.651640983084985592e+01 -8.862478821004694751e+00 -2.026261504057988994e+00 7.837699600716487025e-02 -4.621461828594192411e+00 -5.629429379130413302e+00 -5.391997516366630272e+00 -1.508652172748642828e+00 -7.030245001241263170e-01 -7.498721419849680991e-01 -4.671633225504238318e+00 -1.436933317973938173e+01 -1.688705590438745574e+00 8.962244801900673408e-02 -3.662113601646158401e+00
4.219099081095511394e+01 0.000000000000000000e+00 7.558376701664312236e+01 4.169445730971511921e+02 6.196645676384732582e+01 -2.207684840791154457e+01 6.654285896432062941e+01 4.208678563232155057e+01 5.223474151529241283e+01 3.290481076363172974e+01 5.331195165102457878e+01 3.367804196583937681e+01 -5.271210821957119652e-01 1.881836958144818368e+02 1.483180843969360296e+02 -1.159171068741802912e+01 5.631111870156833987e+01 1.345439714952472059e+02 5.133428995588076305e+01 4.524840836444688819e+00 2.409967030090534834e+01 -2.622293848534262839e+00 6.318908193409019880e+00 9.879227210675402659e+01 1.943632177348872148e+01 2.891365871290981104e+01 5.924593889143191916e+01 2.643723166441818861e+01 1.175507731269244083e+01 3.386463486985429938e+01 7.682123548022210002e+01 4.313646959570175454e+01 3.407801259544716999e+01 1.155308205070871530e+01 1.023365330707101322e+02 8.477728171070357632e+01 1.202374775106565892e+02 1.975869744266696415e+01 2.340424688800550257e+01 2.982855879543241784e+01 3.733534407407405098e+01 7.260307890593472280e+01 7.462588269161659582e+01 3.105479716695449088e+00 3.192079343138175318e+01 2.426663032343422621e+00 2.525130006445886011e+01 1.074091461438283517e+02 5.239670123780429378e+01 -1.676937309945889965e+01 2.078970478413083711e+01 9.205074284041397448e+01 4.707711854036043064e+01 -1.996443584781230030e+01 7.873580350052277765e+01 7.058907820328992955e+01 -4.569262959573990202e+01 2.220875438699498261e+01 7.005417180397174093e+01 2.820754491278624343e+01 2.875099915358685365e+01 7.509169639631485893e+01 6.559066022145611896e+01 8.460034897602663762e+01 1.288085625862006793e+02 1.048774674817751276e+02 3.419479309857306504e+01 7.274987360598166752e+00 4.797079312395170092e+01 8.978324794364073114e+01 3.646652030307456016e+01 9.625180559924862678e+01 1.905704979355306250e+01 1.957452078538096885e+02 5.041328943965096698e+01 3.142641105700752746e+02 1.187168206111527695e+02 6.294689239715839335e+01 1.952882062344647807e+02 4.737077047304498301e+00 9.695819951733727748e+01 1.424676845202662037e+02 6.797218962221653271e+01 3.614939248072508349e+01 -5.010156299589022666e+01 4.638527344850882628e+01 2.412812787285981386e+01 2.348850231650037657e+01 1.523457463421156035e+02 3.283041934888630919e+01 6.804902936216311105e+01 -2.874476320992237266e+00 -1.014653734979225597e+01 8.154188080494350288e+01 6.988064499870249335e+01 9.795415003455765657e+01 8.637371105352113432e+01 6.517307446658401204e+01 4.726746138660627850e+01
5.757273509430275027e+01 0.000000000000000000e+00 9.498630878376073383e+01 6.041192998775578644e+02 9.287504108120633362e+01 -2.656788296841519070e+01 7.907768726652847135e+01 5.482928119548469681e+01 8.122648125851122813e+01 5.020490436712844939e+01 7.338096175834735391e+01 4.206684244831367181e+01 -9.458091006502650444e+00 1.483180843969360296e+02 2.156331253271328876e+02 -8.603763168899483560e+00 7.580526025888400454e+01 1.455212131680552829e+02 7.032553443305593532e+01 1.610458824071506534e+00 3.880354011164953931e+01 -2.475899912120033797e+00 1.041574574219644056e+01 1.363168736618939647e+02 3.038681714422231295e+01 4.516333303046864245e+01 7.983368238632681368e+01 3.942146267277469462e+01 2.372701872625628283e+01 3.857999413237242692e+01 1.050202332451185043e+02 5.799432934926369398e+01 3.627936864676180306e+01 1.147935983612111066e+01 1.516497821649601576e+02 1.180550266005672313e+02 1.649264772832488575e+02 1.492530574013588840e+01 3.860657358738528444e+01 2.234127875765102189e+01 4.135048718557102632e+01 9.544438008276831908e+01 1.080039139703311548e+02 1.932834766743741994e+00 4.439414351263011582e+01 4.249778116415446227e+00 4.039164476616860355e+01 1.433469433105749715e+02 7.434659346166891680e+01 -4.006316980538649375e+01 2.942037831256023495e+01 1.269321654100994579e+02 6.027088417764593942e+01 -2.493374603902326214e+01 9.615269435752345828e+01 8.565745291335078093e+01 1.560083203286108144e+01 2.561794782617551647e+01 8.989708123211836721e+01 3.317786400386663814e+01 4.285031571226578961e+01 1.108297441169511757e+02 9.335731099713393633e+01 1.224077586938878710e+02 1.734406435551582604e+02 1.498026455128434975e+02 4.919838796388324909e+01 1.089351609608710447e+01 1.572448536551508802e+01 1.344456737793368006e+02 7.815135969970373253e+01 1.339599113666351684e+02 2.359689118082012982e+01 2.935994858962417311e+02 5.435616228031816632e+01 4.416401912330991308e+02 1.210299976787869554e+02 9.138704680091497323e+01 2.847412968295333826e+02 9.286822894961506591e+00 1.285541706584665178e+02 1.857103336430250522e+02 9.169375501818045393e+01 4.295280627559499464e+01 -1.223702839197362913e+01 6.822347301500703054e+01 3.182881529569082346e+01 2.388493662172129106e+01 1.778428721187165422e+02 5.182121011282231393e+01 9.402324850037156523e+01 1.793771704148319213e+00 -2.106563737971570482e+00 9.899607488588812032e+01 9.248648178856248592e+01 1.552726623291364092e+02 9.591408577050735573e+01 1.023286796892354289e+02 7.252284114520686842e+01
-5.047023472389965626e+00 0.000000000000000000e+00 -6.818862256841423886e+00 -5.369560744791365181e+01 -6.049237126968109557e+00 2.531402536074585541e+00 -1.133354374862398473e+01 -3.177476301571048989e+00 -4.556756932725137155e+00 -2.715086840131986534e+00 -5.179631138425081716e+00 3.374596839688203342e+00 1.594479277264177208e-01 -1.159171068741802912e+01 -8.603763168899483560e+00 1.301440057357672231e+01 -8.841690052296350188e+00 -1.107667923718232394e+01 -6.315662091070095130e+00 8.185998234967092335e-01 -1.327750402334594293e+00 2.630701696948065660e+00 -4.392465845901725174e-01 -1.070683925627658795e+01 -2.874302206839508322e+00 -1.807449976691284377e+00 -2.418686523031269964e+00 -3.044588156662942247e+00 3.817480460768121198e+00 -4.816047054860620236e+00 -5.843933907757168811e+00 -1.718024208898488059e+00 -3.034014223740136185e+00 -9.370622248368724039e-01 -1.703239921881415952e+01 -1.330132218664721222e+01 -1.905217035778681378e+01 -1.514037548384101983e+00 -1.108292037069056546e+00 -5.774253169511150752e+00 -3.379434110894383725e+00 -8.440002755293628312e+00 -7.453915825232603432e+00 1.634914484052894190e+00 -2.351564734583271754e+00 5.320930621867423493e-01 -3.247506972002199621e+00 -5.622373668690635817e+00 -2.028181822243933785e-01 1.106142885382327457e+01 -1.709025054699183643e+00 -9.254910526684261285e+00 -6.319038564179293438e+00 4.572468695365001778e+00 -9.492614892507132751e+00 -6.346587519286469359e+00 4.359191541880069742e+00 -1.981791116077199266e+00 -8.138346352833695008e+00 -3.315048093393020423e+00 -1.829083257786552341e+00 -5.496622853598844394e+00 -9.141053712127460429e+00 -6.662134662102564775e+00 -1.551547095220023920e+01 -1.230472502340725249e+01 -2.866747192248274345e+00 -9.024072863773505704e-01 1.126536584706622612e+01 -6.599310010650835778e+00 -2.705473948412469909e+00 -8.001400888420702628e+00 -1.200841237230467984e+00 -1.857936949967189122e+01 -2.902357990024132750e+00 -2.958146617062344319e+01 -1.025875767529647398e+01 -7.461857974914233083e+00 -1.830349332497795700e+01 5.649106663267045469e+00 -9.051324240511892327e+00 -2.166468000715352460e+01 -8.666008411172743564e+00 -2.553329308838271139e+00 1.274281604847699079e+01 -7.616124467547592758e+00 -2.691765619641389495e+00 -1.424927286781066726e+00 -8.274975846765965315e+00 -5.033562374600466960e+00 -7.254272545869858924e+00 1.254829649581881590e+00 3.471533595199512234e+01 -5.022628811085565914e+00 -5.891475126647798710e+00 -1.358887411220691277e+01 -5.244374511514616088e+00 1.564492904370785142e+00 -6.932550627942863031e+00
