    0    11    79   157   248   262   283   320   352   356   374   403   411   415   420   421   426   463   464   467   467   476   477   486   487   488   488   496   496   506   507   507   510   517   519   520   520   524   524   524   530   531   532   532   533   535   536   538
   11     0    69   146   238   252   272   309   342   345   364   393   400   404   410   411   416   453   453   456   456   465   466   475   476   478   478   485   485   495   496   496   500   506   509   509   509   513   514   514   519   520   522   522   523   525   525   527
   79    69     0    78   169   183   204   241   273   277   295   324   332   336   341   342   347   384   385   388   388   397   398   407   408   409   410   417   417   427   428   428   431   438   440   441   441   445   446   446   451   452   453   453   454   456   457   459
  157   146    78     0    92   106   127   164   196   199   218   247   255   258   264   265   270   307   308   311   311   320   321   330   331   332   332   340   340   350   351   351   354   361   363   364   364   368   369   369   374   375   376   377   377   380   380   382
  248   238   169    92     0    14    35    72   104   108   126   155   163   167   172   174   179   216   216   219   219   228   229   238   239   241   241   248   249   258   260   260   263   270   272   273   273   277   277   277   283   284   285   285   286   288   289   291
  262   252   183   106    14     0    21    58    91    94   113   141   149   153   159   160   165   202   202   205   205   214   215   225   225   227   227   234   235   244   246   246   249   256   258   259   259   263   263   264   269   270   271   272   272   275   275   277
  283   272   204   127    35    21     0    37    70    73    92   121   128   132   138   139   144   181   181   184   185   194   194   204   205   206   206   213   214   223   225   225   228   235   237   238   238   242   243   243   248   249   251   251   252   254   254   256
  320   309   241   164    72    58    37     0    33    36    55    84    91    95   101   102   107   144   145   147   148   157   158   167   168   169   169   177   177   187   188   188   191   198   200   201   201   205   206   206   211   213   214   214   215   217   218   220
  352   342   273   196   104    91    70    33     0     4    23    51    59    63    69    70    75   112   112   115   116   125   125   135   136   137   137   145   145   154   156   156   159   166   168   169   170   174   174   174   179   181   182   182   183   185   186   188
  356   345   277   199   108    94    73    36     4     0    19    48    56    60    65    66    71   108   109   112   112   121   122   131   132   134   134   141   142   151   153   153   156   163   165   166   166   170   170   171   176   177   179   179   180   182   182   184
  374   364   295   218   126   113    92    55    23    19     0    29    37    41    47    48    53    90    90    93    94   102   103   113   114   115   115   123   123   132   134   134   137   144   146   147   148   152   152   152   157   159   160   160   161   163   164   166
  403   393   324   247   155   141   121    84    51    48    29     0     8    12    18    19    24    61    61    64    65    74    75    84    85    86    87    94    94   104   105   105   109   115   118   119   119   123   123   124   129   130   132   132   133   135   136   138
  411   400   332   255   163   149   128    91    59    56    37     8     0     5    10    11    17    53    54    57    57    66    67    76    77    79    79    86    87    96    98    98   101   108   110   111   111   115   116   116   121   123   124   124   125   128   128   130
  415   404   336   258   167   153   132    95    63    60    41    12     5     0     6     7    13    49    50    53    53    62    63    72    73    75    75    82    83    92    94    94    97   104   106   107   107   111   112   112   117   119   120   120   121   124   124   126
  420   410   341   264   172   159   138   101    69    65    47    18    10     6     0     2     7    44    44    47    48    56    57    67    68    69    69    77    77    87    88    88    91    98   101   102   102   106   106   107   112   113   115   115   116   118   119   121
  421   411   342   265   174   160   139   102    70    66    48    19    11     7     2     0     6    42    43    46    46    55    56    65    66    68    68    75    76    85    87    87    90    97    99   100   101   105   105   105   110   112   113   113   115   117   117   119
  426   416   347   270   179   165   144   107    75    71    53    24    17    13     7     6     0    37    38    41    41    50    51    60    61    63    63    70    71    80    82    82    85    92    94    95    95    99   100   100   105   107   108   108   109   112   112   114
  463   453   384   307   216   202   181   144   112   108    90    61    53    49    44    42    37     0     2     4     5    14    15    24    25    26    27    34    35    44    45    46    49    56    58    59    59    63    64    64    69    71    72    73    74    76    77    79
  464   453   385   308   216   202   181   145   112   109    90    61    54    50    44    43    38     2     0     3     4    13    14    23    24    26    26    33    34    43    45    45    48    55    57    58    59    63    63    64    69    70    72    72    73    75    76    78
  467   456   388   311   219   205   184   147   115   112    93    64    57    53    47    46    41     4     3     0     2    10    11    20    21    23    23    30    31    40    42    42    45    52    54    55    56    60    60    61    66    67    69    69    70    72    73    75
  467   456   388   311   219   205   185   148   116   112    94    65    57    53    48    46    41     5     4     2     0     9    10    20    21    22    22    30    30    40    41    41    45    51    54    55    55    59    60    60    65    67    68    68    70    72    72    74
  476   465   397   320   228   214   194   157   125   121   102    74    66    62    56    55    50    14    13    10     9     0     2    11    12    13    14    21    21    31    32    33    36    43    45    46    46    50    51    51    56    58    59    60    61    63    64    66
  477   466   398   321   229   215   194   158   125   122   103    75    67    63    57    56    51    15    14    11    10     2     0    10    11    12    13    20    20    30    31    32    35    41    44    45    45    49    50    50    55    57    58    59    60    62    63    65
  486   475   407   330   238   225   204   167   135   131   113    84    76    72    67    65    60    24    23    20    20    11    10     0     2     3     4    11    11    21    22    23    26    32    35    36    36    40    41    41    46    48    49    50    51    53    54    56
  487   476   408   331   239   225   205   168   136   132   114    85    77    73    68    66    61    25    24    21    21    12    11     2     0     2     3    10    10    20    21    21    25    31    34    35    35    39    40    40    45    47    48    49    50    52    53    55
  488   478   409   332   241   227   206   169   137   134   115    86    79    75    69    68    63    26    26    23    22    13    12     3     2     0     1     8     9    18    20    20    23    30    32    33    33    37    38    38    43    45    47    47    48    50    51    53
  488   478   410   332   241   227   206   169   137   134   115    87    79    75    69    68    63    27    26    23    22    14    13     4     3     1     0     8     8    18    19    20    23    29    32    33    33    37    38    38    43    45    46    47    48    50    51    53
  496   485   417   340   248   234   213   177   145   141   123    94    86    82    77    75    70    34    33    30    30    21    20    11    10     8     8     0     2    10    12    12    16    22    25    26    26    30    31    31    36    38    39    39    41    43    44    46
  496   485   417   340   249   235   214   177   145   142   123    94    87    83    77    76    71    35    34    31    30    21    20    11    10     9     8     2     0    10    12    12    15    22    24    25    25    29    30    30    35    37    38    39    40    42    43    45
  506   495   427   350   258   244   223   187   154   151   132   104    96    92    87    85    80    44    43    40    40    31    30    21    20    18    18    10    10     0     2     3     6    12    15    16    16    20    21    21    26    28    29    30    31    33    34    36
  507   496   428   351   260   246   225   188   156   153   134   105    98    94    88    87    82    45    45    42    41    32    31    22    21    20    19    12    12     2     0     1     4    11    13    14    15    19    19    20    25    26    28    28    29    32    32    34
  507   496   428   351   260   246   225   188   156   153   134   105    98    94    88    87    82    46    45    42    41    33    32    23    21    20    20    12    12     3     1     0     4    10    13    14    14    18    19    19    24    26    27    28    29    31    32    34
  510   500   431   354   263   249   228   191   159   156   137   109   101    97    91    90    85    49    48    45    45    36    35    26    25    23    23    16    15     6     4     4     0     7    10    11    11    15    16    16    21    23    24    25    26    28    29    31
  517   506   438   361   270   256   235   198   166   163   144   115   108   104    98    97    92    56    55    52    51    43    41    32    31    30    29    22    22    12    11    10     7     0     3     4     5     9     9    10    15    16    18    18    20    22    23    25
  519   509   440   363   272   258   237   200   168   165   146   118   110   106   101    99    94    58    57    54    54    45    44    35    34    32    32    25    24    15    13    13    10     3     0     2     3     6     7     8    12    14    15    16    17    19    20    22
  520   509   441   364   273   259   238   201   169   166   147   119   111   107   102   100    95    59    58    55    55    46    45    36    35    33    33    26    25    16    14    14    11     4     2     0     1     5     6     6    11    13    14    15    16    18    19    21
  520   509   441   364   273   259   238   201   170   166   148   119   111   107   102   101    95    59    59    56    55    46    45    36    35    33    33    26    25    16    15    14    11     5     3     1     0     5     5     6    11    12    14    14    15    18    18    20
  524   513   445   368   277   263   242   205   174   170   152   123   115   111   106   105    99    63    63    60    59    50    49    40    39    37    37    30    29    20    19    18    15     9     6     5     5     0     2     3     7     8    10    10    12    14    15    17
  524   514   446   369   277   263   243   206   174   170   152   123   116   112   106   105   100    64    63    60    60    51    50    41    40    38    38    31    30    21    19    19    16     9     7     6     5     2     0     1     6     8     9    10    11    13    14    16
  524   514   446   369   277   264   243   206   174   171   152   124   116   112   107   105   100    64    64    61    60    51    50    41    40    38    38    31    30    21    20    19    16    10     8     6     6     3     1     0     6     7     9     9    10    12    13    15
  530   519   451   374   283   269   248   211   179   176   157   129   121   117   112   110   105    69    69    66    65    56    55    46    45    43    43    36    35    26    25    24    21    15    12    11    11     7     6     6     0     2     4     4     6     8     9    11
  531   520   452   375   284   270   249   213   181   177   159   130   123   119   113   112   107    71    70    67    67    58    57    48    47    45    45    38    37    28    26    26    23    16    14    13    12     8     8     7     2     0     2     3     4     6     7     9
  532   522   453   376   285   271   251   214   182   179   160   132   124   120   115   113   108    72    72    69    68    59    58    49    48    47    46    39    38    29    28    27    24    18    15    14    14    10     9     9     4     2     0     1     3     5     6     8
  532   522   453   377   285   272   251   214   182   179   160   132   124   120   115   113   108    73    72    69    68    60    59    50    49    47    47    39    39    30    28    28    25    18    16    15    14    10    10     9     4     3     1     0     2     4     5     7
  533   523   454   377   286   272   252   215   183   180   161   133   125   121   116   115   109    74    73    70    70    61    60    51    50    48    48    41    40    31    29    29    26    20    17    16    15    12    11    10     6     4     3     2     0     3     3     6
  535   525   456   380   288   275   254   217   185   182   163   135   128   124   118   117   112    76    75    72    72    63    62    53    52    50    50    43    42    33    32    31    28    22    19    18    18    14    13    12     8     6     5     4     3     0     2     3
  536   525   457   380   289   275   254   218   186   182   164   136   128   124   119   117   112    77    76    73    72    64    63    54    53    51    51    44    43    34    32    32    29    23    20    19    18    15    14    13     9     7     6     5     3     2     0     3
  538   527   459   382   291   277   256   220   188   184   166   138   130   126   121   119   114    79    78    75    74    66    65    56    55    53    53    46    45    36    34    34    31    25    22    21    20    17    16    15    11     9     8     7     6     3     3     0
